1142888,439
125144160,798
125145436,1020
125146796,36428,1005
125137788,734
125139060,373
125140336,134
125141612,162
125142888,439
125144160,798
125145436,1020
125146796,955
1251480725137788,734
125139060,373
125140336,134
125141612,162
125142888,439
125144160,798
125145436,1020
125146796,955
125148072,654
125149348,300
125150620,115
125151896,205
12513172,521
125154448,86·48,728
568,608
1068,462
1612,318
2160,203
2700,132
3252,109
3796,142
4356,227
4900,351
5460,504
6004,661
6564,812
7100,928
7644,1007
8240,1023
8828,997
9380,910
10052,752
10988,485
11920,248
12856,119
13792,141
14728,306
15660,562
16596,821
17532,994
18468,1023
19488,890
20420,650
21356,383
22292,180
23228,109
24160,191
25096,401
26032,668
26968,904
27900,1023
28920,986
29856,804
30792,543
31728,291
32660,135
33596,125
34532,263
35468,507
36400,770
37336,968
38272,1023
39292,928
40228,704
41160,437
42096,215
43032,111
43968,163
44900,350
45836,613
46772,863
47708,1012
48728,1008
49748,830
50680,575
51616,318
52552,146
53488,116
54420,240
55356,474
56292,743
57228,952
58160,1023
59180,947
60116,734
61052,467
61988,233
62920,116
63856,148
64792,322
65728,582
66660,836
67604,1003
68624,1016
69644,854
70572,606
71508,344
72440,159
73376,112
74312,218
75248,443
76180,712
77116,932
78052,1023
79072,965
80008,766
80940,498
81876,258
82812,122
83748,137
84680,296
85616,548
86552,810
87488,989
88420,1023
89440,899
90376,663
91312,395
92248,188
93180,110
94116,185
95052,389
95988,657
96920,894
97856,1023
98876,991
99812,814
100748,554
101768,281
102788,123
103808,144
104828,333
105848,616
106868,883
107888,1023
108992,976
110012,763
111032,473
112052,221
113072,110
114092,181
115112,406
116132,699
117152,939
118172,1023
119276,930
120296,685
121316,393
122336,175
123356,112
124376,231
125396,486
126416,774
127436,984
128456,1023
129560,874
130580,603
131600,321
132620,138
133640,128
134660,293
135680,568
136700,847
137720,1013
138828,997
139848,805
140868,520
141888,256
142908,117
143928,158
144948,362
145968,651
146988,909
148008,1023
149112,959
150132,730
151152,439
152172,200
153192,110
154212,202
155232,439
156252,732
157272,958
158292,1023
159396,907
160416,651
161436,362
162456,157
163476,117
164496,255
165516,522
166536,807
167556,998
168576,1020
169680,847
170700,568
171720,293
172740,128
173760,138
174780,321
175800,602
176820,874
177840,1022
178948,981
179968,776
180988,484
182008,231
183028,112
184048,175
185068,396
186088,685
187108,931
188128,1023
189232,938
190252,696
191272,406
192292,180
193312,110
194332,223
195352,472
196372,765
197392,976
198412,1023
199516,881
200536,616
201556,331
202576,144
203596,125
204616,282
205636,557
206656,836
207676,1010
208780,1003
209888,795
210908,508
211928,247
212948,114
213968,163
214988,375
216008,663
217028,917
218048,1023
219156,950
220180,719
221196,425
222216,193
223236,110
224252,209
225272,450
226292,744
227312,966
228332,1023
229436,899
230456,640
231476,351
232496,151
233516,119
234536,265
235556,534
236576,816
237596,1002
238700,1010
239808,815
240828,530
241848,263
242868,119
243888,153
244908,353
245928,640
246948,901
247968,1023
249072,965
250092,741
251112,450
252132,206
253152,109
254172,195
255192,429
256212,721
257232,952
258252,1023
259356,914
260376,662
261396,372
262416,163
263436,115
264456,248
265476,511
266496,797
267516,993
268536,1023
269640,855
270660,579
271680,302
272700,132
273720,135
274740,312
275760,592
276780,866
277800,1020
278908,987
279928,785
280948,495
281968,238
282988,113
284008,169
285028,386
286048,675
287068,925
288088,1023
289192,945
290212,708
291232,417
292252,186
293272,110
294292,216
295312,462
296332,755
297352,971
298372,1023
299476,890
300496,627
301516,341
302536,148
303556,122
304576,273
305596,546
306616,827
307636,1007
308740,1006
309848,805
310868,519
311888,253
312908,116
313928,158
314948,365
315968,653
316988,909
318008,1023
319112,958
320132,728
321152,438
322172,199
323192,110
324212,201
325232,440
326252,734
327272,960
328292,1023
329396,906
330416,650
331436,360
332456,157
333476,117
334496,257
335516,522
336536,806
337556,999
338576,1021
339680,846
340700,567
341720,291
342740,127
343760,139
344780,322
345800,604
346820,875
347840,1022
348948,981
349968,774
350988,483
352008,230
353028,112
354048,175
355068,397
356088,688
357108,933
358128,1023
359232,938
360252,695
361272,404
362292,180
363312,112
364332,224
365352,474
366372,765
367392,977
368412,1023
369516,882
370536,616
371556,329
372576,142
373596,125
374616,283
375636,558
376656,837
377676,1010
378780,1001
379888,795
380908,506
381928,245
382948,114
383968,164
384988,376
386008,664
387028,917
388048,1023
389152,951
390172,718
391192,427
392212,192
393236,109
394256,209
395276,453
396296,745
397316,967
398332,1023
399436,898
400456,638
401476,350
402496,152
403516,120
404536,265
405556,534
406576,817
407596,1002
408700,1010
409808,814
410828,529
411848,262
412868,118
413888,153
414908,354
415928,642
416948,902
417968,1023
419072,965
420092,739
421112,448
422132,206
423152,110
424172,195
425192,429
426212,722
427232,953
428252,1023
429356,914
430376,661
431396,370
432416,162
433436,115
434456,249
435476,512
436496,797
437516,994
438536,1023
439640,855
440660,578
441680,301
442700,130
443720,135
444740,313
445760,593
446780,866
447800,1019
448908,986
449928,783
450948,495
451968,238
452988,113
454008,169
455028,386
456048,676
457068,926
458088,1023
459192,945
460212,706
461232,414
462252,185
463272,111
464292,217
465312,463
466332,756
467352,973
468372,1023
469476,890
470496,627
471516,340
472536,147
473556,121
474576,274
475596,547
476616,827
477636,1006
478740,1005
479848,804
480868,517
481888,254
482908,116
483928,159
484948,366
485968,653
486988,910
488008,1023
489112,957
490132,728
491152,438
492172,198
493192,109
494212,202
495232,440
496252,735
497272,960
498292,1023
499396,906
500416,649
501436,360
502456,157
503476,117
504496,257
505516,524
506536,808
507556,999
508576,1020
509680,846
510700,566
511720,288
512740,127
513760,139
514780,323
515800,605
516820,875
517840,1023
518948,981
519968,774
520988,482
522008,230
523028,111
524048,176
525068,398
526088,688
527108,933
528128,1023
529232,936
530252,694
531272,404
532292,180
533312,111
534332,224
535352,475
536372,767
537392,978
538412,1023
539516,881
540536,614
541556,329
542576,143
543596,125
544616,283
545636,559
546656,837
547676,1010
548780,1001
549892,791
550908,505
551928,246
552948,114
553968,164
554988,376
556008,666
557028,918
558048,1023
559152,951
560172,718
561192,425
562212,191
563232,110
564252,210
565272,453
566292,745
567316,967
568336,1023
569436,897
570456,637
571476,350
572496,152
573516,119
574536,266
575556,536
576576,818
577596,1003
578700,1009
579808,814
580828,528
581848,261
582868,118
583888,154
584908,356
585928,643
586948,902
587968,1023
589072,964
590092,738
591112,448
592132,206
593152,110
594172,195
595192,429
596212,724
597232,955
598252,1023
599356,913
600376,660
601396,369
602416,162
603436,116
604456,249
605476,513
606496,799
607516,995
608536,1023
609640,854
610660,577
611680,298
612700,130
613720,136
614740,314
615760,594
616780,867
617800,1020
618908,986
619928,782
620948,493
621968,237
622988,113
624008,169
625028,388
626048,677
627068,926
628088,1023
629192,944
630212,705
631232,414
632252,185
633272,110
634292,217
635312,464
636332,757
637352,973
638372,1023
639476,889
640496,625
641516,338
642536,146
643556,123
644576,275
645596,548
646616,828
647636,1007
648740,1005
649848,803
650868,516
651888,253
652908,116
653928,159
654948,366
655968,654
656988,910
658008,1023
659112,957
660132,727
661152,436
662172,197
663192,109
664212,204
665232,443
666252,735
667272,960
668292,1023
669396,904
670416,648
671436,359
672456,156
673476,117
674496,257
675516,525
676536,809
677556,999
678576,1018
679680,844
680700,565
681720,290
682740,127
683760,140
684780,324
685800,607
686820,876
687840,1023
688948,980
689968,772
690988,482
692008,228
693028,111
694048,176
695068,398
696088,689
697108,933
698128,1023
699232,936
700252,693
701272,403
702292,179
703312,111
704332,225
705352,476
706372,768
707392,979
708412,1023
709516,880
710536,613
711556,326
712576,143
713596,126
714616,284
715636,560
716656,839
717676,1011
718780,1001
719892,790
720912,504
721932,243
722952,114
723972,166
724988,378
726008,666
727028,919
728048,1023
729152,951
730172,716
731192,424
732212,190
733232,110
734252,211
735272,453
736292,746
737312,967
738332,1023
739436,897
740456,637
741476,349
742496,151
743516,120
744536,267
745556,537
746576,818
747596,1004
748700,1008
749808,813
750828,527
751848,261
752868,117
753888,155
754908,357
755928,643
756948,903
757968,1023
759072,963
760092,738
761112,447
762132,204
763152,109
764172,197
765192,432
766212,725
767232,954
768252,1023
769356,912
770376,659
771396,369
772416,161
773436,116
774456,250
775476,514
776496,800
777516,995
778536,1020
779640,853
780660,576
781680,299
782700,131
783720,136
784740,314
785760,595
786780,868
787800,1021
788908,986
789928,782
790948,492
791968,235
792988,112
794008,171
795028,388
796048,678
797068,926
798088,1023
799192,943
800212,703
801232,413
802252,185
803272,110
804292,218
805312,465
806332,758
807352,974
808372,1023
809476,888
810496,624
811516,335
812536,146
813556,123
814576,275
815596,548
816616,829
817636,1008
818740,1005
819848,801
820868,515
821888,253
822908,115
823928,159
824948,367
825968,655
826988,912
828008,1023
829112,956
830132,726
831152,435
832172,198
833192,110
834212,204
835232,442
836252,736
837272,961
838292,1023
839396,905
840416,647
841436,357
842456,155
843476,118
844496,259
845516,526
846536,810
847556,999
848576,1019
849680,843
850700,564
851720,289
852740,126
853760,139
854780,325
855800,607
856820,877
857840,1023
858948,980
859968,771
860988,480
862008,229
863028,112
864048,176
865068,400
866088,690
867108,934
868128,1023
869232,936
870252,692
871272,402
872292,178
873312,111
874332,227
875352,477
876372,768
877392,979
878412,1023
879516,879
880536,612
881556,327
882576,141
883596,126
884616,286
885636,562
886656,839
887676,1011
888780,1000
889888,792
890908,503
891928,243
892948,113
893972,167
894992,377
896012,669
897032,919
898048,1023
899152,949
900172,715
901192,424
902212,190
903232,109
904252,211
905272,455
906292,747
907312,967
908332,1023
909436,895
910456,635
911476,347
912496,151
913516,119
914536,267
915556,539
916576,820
917596,1004
918700,1008
919808,812
920828,526
921848,260
922868,118
923888,155
924908,358
925928,644
926948,904
927968,1023
929072,962
930092,737
931112,446
932132,204
933152,109
934172,198
935192,433
936212,726
937232,955
938252,1023
939356,911
940376,658
941396,368
942416,160
943436,115
944456,250
945476,516
946496,800
947516,995
948536,1022
949640,852
950660,575
951680,298
952700,129
953720,136
954740,316
955760,597
956780,869
957800,1021
958908,985
959928,780
960948,490
961968,236
962988,113
964008,171
965028,389
966048,679
967068,928
968088,1023
969192,943
970212,703
971232,412
972252,184
973272,110
974292,219
975312,466
976332,759
977352,973
978372,1023
979476,887
980496,624
981516,337
982536,146
983556,123
984576,277
985596,551
986616,830
987636,1008
988740,1004
989848,802
990868,514
991888,251
992908,115
993928,160
994948,367
995968,656
996988,912
998008,1023
999112,955
1000132,725
1001236,410
1002340,170
1003448,116
1004556,273
1005656,567
1006760,864
1007868,1023
1009056,965
1010160,719
1011268,400
1012372,165
1013476,118
1014580,279
1015688,576
1016792,871
1017896,1023
1019088,960
1020192,710
1021296,394
1022400,163
1023508,120
1024612,286
1025716,585
1026820,877
1027928,1023
1029116,953
1030220,700
1031328,386
1032432,158
1033536,121
1034640,291
1035748,595
1036852,884
1037956,1023
1039148,949
1040252,691
1041356,377
1042460,154
1043568,124
1044672,299
1045776,601
1046880,889
1047988,1023
1049176,945
1050280,684
1051388,369
1052492,151
1053596,127
1054700,306
1055808,610
1056912,897
1058016,1023
1059208,939
1060312,675
1061416,362
1062520,148
1063628,129
1064732,315
1065836,620
1066940,903
1068052,1023
1069236,933
1070340,666
1071448,354
1072552,144
1073656,130
1074760,320
1075868,629
1076972,910
1078076,1023
1079268,927
1080372,657
1081476,347
1082580,140
1083688,133
1084792,328
1085896,636
1087000,914
1088108,1023
1089296,923
1090400,650
1091508,338
1092620,136
1093716,136
1094820,335
1095928,645
1097032,921
1098136,1023
1099328,917
1100432,641
1101536,332
1102640,135
1103748,140
1104852,344
1105956,656
1107060,926
1108168,1023
1109356,911
1110460,632
1111568,322
1112672,132
1113776,142
1114880,350
1115988,664
1117092,933
1118196,1023
1119388,905
1120492,623
1121596,316
1122700,129
1123808,145
1124912,358
1126016,672
1127120,937
1128228,1023
1129416,899
1130520,615
1131628,309
1132732,127
1133836,149
1134940,368
1136048,680
1137152,943
1138256,1023
1139448,893
1140552,606
1141656,302
1142760,125
1143868,153
1144972,375
1146076,690
1147180,948
1148288,1023
1149476,886
1150580,597
1151688,294
1152792,122
1153896,156
1155000,383
1156112,698
1157212,953
1158316,1023
1159508,880
1160612,587
1161716,286
1162820,120
1163928,160
1165032,392
1166136,706
1167240,957
1168348,1023
1169536,875
1170640,580
1171748,279
1172852,118
1173956,165
1175060,399
1176168,714
1177272,962
1178376,1023
1179568,867
1180676,568
1181776,275
1182880,117
1183988,170
1185092,408
1186196,724
1187300,967
1188408,1023
1189596,860
1190700,561
1191808,267
1192912,116
1194016,173
1195120,413
1196228,732
1197332,972
1198436,1023
1199628,852
1200732,552
1201836,261
1202940,114
1204048,178
1205152,423
1206256,738
1207360,975
1208468,1023
1209656,846
1210760,545
1211868,254
1212972,113
1214076,182
1215180,432
1216288,748
1217392,980
1218496,1023
1219688,839
1220792,536
1221896,249
1223000,112
1224108,188
1225212,441
1226316,756
1227420,984
1228528,1021
1229716,832
1230820,527
1231928,242
1233032,111
1234136,191
1235240,448
1236348,766
1237452,989
1238556,1019
1239748,824
1240852,518
1241956,236
1243060,110
1244172,198
1245272,457
1246376,771
1247480,991
1248588,1017
1249776,818
1250880,510
1251988,229
1253092,109
1254196,203
1255300,467
1256408,780
1257512,995
1258616,1015
1259808,810
1260912,501
1262016,224
1263120,110
1264228,209
1265332,477
1266436,787
1267540,998
1268648,1012
1269836,802
1270940,491
1272048,218
1273152,109
1274256,213
1275360,482
1276468,796
1277572,1001
1278760,1002
1279952,773
1281056,460
1282160,199
1283268,111
1284372,236
1285476,517
1286580,823
1287688,1013
1288876,988
1289980,764
1291088,451
1292192,193
1293296,111
1294400,240
1295508,526
1296612,832
1297716,1016
1298908,983
1300012,756
1301116,442
1302220,188
1303328,111
1304432,247
1305536,533
1306644,840
1307748,1018
1308936,981
1310040,750
1311148,432
1312252,182
1313356,112
1314460,254
1315568,543
1316672,846
1317776,1020
1318968,977
1320072,741
1321176,426
1322280,179
1323388,114
1324492,260
1325596,552
1326700,853
1327808,1020
1328996,971
1330100,732
1331212,415
1332312,174
1333416,114
1334520,266
1335628,562
1336732,861
1337836,1023
1339028,968
1340132,723
1341236,409
1342340,169
1343448,116
1344552,272
1345656,569
1346760,866
1347868,1023
1349056,963
1350160,716
1351268,400
1352372,165
1353476,118
1354580,280
1355688,578
1356792,873
1357896,1023
1359088,958
1360192,707
1361296,391
1362400,162
1363508,120
1364612,287
1365716,588
1366820,880
1367928,1023
1369116,953
1370220,698
1371328,385
1372432,157
1373536,121
1374640,293
1375748,597
1376852,887
1377956,1023
1379148,947
1380252,690
1381356,376
1382460,153
1383568,124
1384672,300
1385776,603
1386880,892
1387988,1023
1389176,944
1390280,683
1391388,367
1392492,149
1393596,127
1394708,309
1395808,613
1396912,899
1398016,1023
1399208,937
1400312,674
1401416,361
1402520,146
1403628,128
1404732,317
1405836,623
1406940,905
1408048,1023
1409236,933
1410340,664
1411448,351
1412552,143
1413656,130
1414760,322
1415868,632
1416972,911
1418076,1023
1419272,927
1420372,655
1421476,345
1422580,139
1423688,134
1424792,330
1425896,639
1427000,916
1428108,1023
1429296,923
1430400,647
1431508,336
1432612,136
1433716,137
1434820,338
1435928,648
1437032,922
1438136,1023
1439328,916
1440432,638
1441536,330
1442640,134
1443748,141
1444852,345
1445956,657
1447060,927
1448168,1023
1449356,910
1450460,629
1451568,322
1452672,131
1453776,143
1454880,353
1455988,667
1457092,933
1458196,1023
1459388,903
1460492,620
1461596,313
1462700,128
1463808,147
1464912,362
1466016,673
1467120,938
1468228,1023
1469416,898
1470520,613
1471628,306
1472732,126
1473836,151
1474940,370
1476048,683
1477152,943
1478256,1023
1479448,892
1480552,603
1481656,300
1482768,124
1483868,155
1484972,379
1486076,692
1487180,949
1488288,1023
1489476,885
1490580,594
1491688,293
1492792,122
1493896,157
1495000,384
1496108,701
1497212,954
1498316,1023
1499508,879
1500612,584
1501716,285
1502820,120
1503928,162
1505032,393
1506136,707
1507240,958
1508348,1023
1509536,873
1510640,577
1511748,277
1512852,117
1513956,166
1515060,402
1516168,717
1517272,963
1518376,1023
1519568,866
1520672,568
1521776,273
1522880,117
1523988,171
1525092,411
1526196,725
1527300,968
1528408,1023
1529596,858
1530700,558
1531808,266
1532912,115
1534016,175
1535120,418
1536228,734
1537332,972
1538436,1023
1539628,851
1540732,549
1541836,259
1542940,114
1544048,180
1545152,425
1546260,743
1547360,976
1548468,1023
1549656,845
1550760,543
1551868,252
1552972,113
1554076,184
1555180,435
1556288,749
1557392,981
1558496,1023
1559688,837
1560792,533
1561896,247
1563000,112
1564108,189
1565212,444
1566316,758
1567420,985
1568528,1022
1569716,829
1570828,522
1571928,241
1573032,111
1574136,193
1575240,450
1576348,766
1577452,988
1578556,1019
1579748,822
1580852,514
1581956,235
1583060,110
1584168,198
1585272,460
1586376,772
1587480,992
1588588,1018
1589776,815
1590880,507
1591988,228
1593092,110
1594196,204
1595300,468
1596408,782
1597512,996
1598616,1016
1599808,807
1600912,498
1602016,224
1603120,110
1604228,210
1605332,477
1606436,789
1607540,1000
1608732,1004
1609920,779
1611028,464
1612132,201
1613236,109
1614340,231
1615448,511
1616552,818
1617656,1011
1618848,991
1619952,772
1621056,457
1622160,197
1623268,110
1624372,238
1625476,520
1626580,826
1627688,1012
1628876,987
1629980,763
1631088,448
1632192,192
1633300,111
1634400,242
1635508,529
1636612,834
1637716,1016
1638908,983
1640012,755
1641116,439
1642220,187
1643328,112
1644432,249
1645536,536
1646640,841
1647748,1019
1648936,980
1650040,748
1651148,430
1652252,181
1653356,113
1654460,256
1655568,546
1656672,848
1657776,1020
1658968,976
1660072,739
1661176,422
1662280,177
1663388,113
1664492,263
1665596,555
1666700,855
1667808,1023
1668996,971
1670100,729
1671208,415
1672312,172
1673416,114
1674520,268
1675628,565
1676732,862
1677836,1020
1679028,967
1680132,722
1681236,405
1682340,167
1683448,117
1684552,275
1685656,571
1686760,867
1687868,1023
1689056,962
1690160,714
1691268,397
1692372,164
1693476,119
1694580,282
1695688,581
1696792,874
1697896,1023
1699088,957
1700192,705
1701296,390
1702400,160
1703508,121
1704612,290
1705716,590
1706820,881
1707928,1023
1709116,952
1710220,696
1711328,380
1712432,157
1713536,122
1714640,295
1715748,599
1716852,887
1717956,1023
1719148,946
1720252,687
1721364,372
1722460,153
1723568,126
1724672,303
1725776,606
1726880,893
1727988,1023
1729176,942
1730280,680
1731388,365
1732492,149
1733596,128
1734700,310
1735808,615
1736912,899
1738016,1023
1739208,937
1740312,670
1741416,359
1742520,146
1743628,130
1744732,317
1745836,624
1746940,907
1748048,1023
1749236,931
1750340,661
1751448,351
1752552,143
1753656,133
1754760,324
1755868,633
1756972,912
1758076,1023
1759268,924
1760372,652
1761476,341
1762580,139
1763688,136
1764792,332
1765896,640
1767000,917
1768108,1023
1769296,920
1770400,645
1771508,334
1772612,136
1773716,138
1774820,340
1775928,650
1777032,923
1778136,1023
1779328,914
1780432,636
1781536,328
1782640,134
1783748,142
1784852,348
1785956,659
1787060,929
1788168,1023
1789356,907
1790460,626
1791568,320
1792672,130
1793776,144
1794880,354
1795988,668
1797092,935
1798196,1023
1799388,901
1800492,618
1801596,312
1802700,128
1803808,148
1804912,363
1806016,675
1807120,939
1808228,1023
1809424,895
1810520,610
1811628,304
1812732,126
1813836,152
1814940,372
1816048,684
1817152,945
1818256,1023
1819448,889
1820552,601
1821656,299
1822760,124
1823868,156
1824972,380
1826076,694
1827180,950
1828288,1023
1829476,883
1830580,592
1831688,291
1832792,121
1833896,159
1835000,386
1836108,702
1837212,955
1838316,1023
1839508,876
1840612,582
1841716,284
1842820,119
1843928,163
1845032,394
1846136,709
1847240,959
1848348,1023
1849536,871
1850640,575
1851748,276
1852852,118
1853956,167
1855060,404
1856168,718
1857272,964
1858376,1023
1859568,864
1860672,566
1861776,271
1862880,116
1863988,172
1865092,412
1866196,727
1867300,969
1868408,1023
1869596,856
1870700,557
1871808,264
1872916,115
1874016,176
1875120,419
1876228,736
1877332,973
1878436,1023
1879628,849
1880732,547
1881836,257
1882940,114
1884048,180
1885152,428
1886256,743
1887360,977
1888468,1023
1889656,843
1890760,540
1891868,251
1892972,112
1894076,186
1895180,437
1896288,752
1897392,981
1898504,1023
1899688,836
1900792,531
1901896,245
1903000,112
1904108,191
1905212,445
1906316,760
1907420,986
1908528,1021
1909716,827
1910820,522
1911928,238
1913032,110
1914136,194
1915240,453
1916348,769
1917452,989
1918556,1019
1919748,820
1920852,512
1921956,233
1923060,111
1924168,201
1925272,462
1926376,774
1927480,992
1928588,1016
1929776,813
1930880,505
1931988,226
1933092,110
1934196,206
1935300,471
1936408,784
1937512,997
1938616,1014
1939808,806
1940912,495
1942016,221
1943120,110
1944228,212
1945332,480
1946436,791
1947540,1000
1948732,1004
1949920,777
1951028,462
1952132,200
1953236,110
1954340,232
1955448,512
1956552,819
1957656,1012
1958848,990
1959956,767
1961056,454
1962160,196
1963268,111
1964372,239
1965476,521
1966580,827
1967688,1014
1968876,986
1969980,760
1971088,446
1972192,191
1973296,112
1974400,244
1975508,531
1976612,835
1977716,1013
1978908,982
1980012,752
1981116,436
1982220,186
1983328,112
1984432,251
1985544,540
1986640,841
1987748,1018
1988936,979
1990040,745
1991148,428
1992252,180
1993356,114
1994460,257
1995568,548
1996672,849
1997776,1021
1998968,975
2000072,736
2001176,421
2002280,176
2003388,114
2004492,265
2005596,557
2006700,856
2007808,1022
2008996,970
2010100,727
2011208,412
2012312,171
2013416,116
2014520,270
2015628,566
2016732,864
2017836,1023
2019028,965
2020132,719
2021236,404
2022340,167
2023448,117
2024552,276
2025656,574
2026760,869
2027868,1023
2029056,961
2030160,712
2031268,395
2032372,163
2033476,118
2034580,283
2035688,582
2036792,876
2037896,1023
2039088,955
2040192,703
2041296,389
2042400,160
2043508,122
2044612,289
2045716,592
2046820,883
2047928,1023
2049116,950
2050220,694
2051328,380
2052432,156
2053536,123
2054640,297
2055748,601
2056852,889
2057956,1023
2059148,944
2060252,685
2061356,371
2062460,152
2063568,126
2064672,305
2065776,607
2066880,895
2067988,1023
2069176,940
2070280,678
2071388,363
2072492,148
2073596,129
2074700,312
2075808,617
2076912,902
2078016,1023
2079208,935
2080312,669
2081416,357
2082520,145
2083628,131
2084732,320
2085836,626
2086940,907
2088048,1023
2089236,929
2090340,659
2091448,349
2092552,142
2093656,133
2094760,326
2095868,635
2096972,913
2098076,1023
2099268,923
2100372,650
2101476,341
2102580,139
2103688,136
2104792,335
2105896,642
2107000,918
2108108,1023
2109296,919
2110400,643
2111508,331
2112612,135
2113716,138
2114820,343
2115928,652
2117032,924
2118136,1023
2119328,913
2120432,634
2121536,326
2122640,133
2123748,143
2124852,351
2125956,661
2127060,930
2128168,1023
2129356,906
2130460,625
2131568,318
2132672,130
2133776,145
2134880,357
2135988,671
2137096,936
2138196,1023
2139388,900
2140492,616
2141596,310
2142700,127
2143808,148
2144912,365
2146016,678
2147120,940
2148228,1023
2149416,895
2150520,608
2151628,303
2152732,125
2153836,152
2154940,374
2156048,687
2157152,945
2158256,1023
2159448,888
2160552,599
2161656,296
2162760,122
2163868,157
2164972,382
2166076,696
2167180,951
2168288,1023
2169476,882
2170580,590
2171688,290
2172792,121
2173896,160
2175000,389
2176108,705
2177212,956
2178316,1023
2179508,875
2180612,580
2181716,282
2182820,118
2183928,164
2185032,397
2186136,712
2187240,960
2188348,1023
2189536,870
2190640,573
2191748,274
2192852,117
2193956,169
2195060,406
2196168,720
2197272,966
2198376,1023
2199572,860
2200672,564
2201776,270
2202880,115
2203988,173
2205092,415
2206196,729
2207300,970
2208408,1023
2209596,855
2210700,554
2211808,262
2212912,114
2214016,177
2215120,421
2216228,738
2217332,975
2218436,1023
2219628,847
2220732,545
2221836,256
2222940,113
2224048,181
2225156,432
2226256,744
2227360,978
2228468,1023
2229656,841
2230760,538
2231868,249
2232972,112
2234076,186
2235180,439
2236288,753
2237392,983
2238496,1022
2239688,834
2240792,529
2241896,244
2243000,112
2244108,192
2245212,448
2246316,762
2247420,987
2248528,1020
2249716,826
2250820,519
2251928,237
2253032,110
2254136,196
2255240,455
2256348,771
2257452,990
2258556,1018
2259748,818
2260852,509
2261956,231
2263060,110
2264168,202
2265272,464
2266376,777
2267480,994
2268588,1015
2269776,812
2270880,503
2271988,224
2273092,110
2274196,207
2275300,474
2276408,785
2277512,996
2278616,1013
2279808,804
2280912,494
2282016,220
2283120,109
2284228,213
2285332,483
2286436,793
2287540,1001
2288732,1003
2289920,775
2291028,460
2292132,199
2293236,111
2294340,233
2295448,514
2296552,821
2297656,1012
2298848,989
2299952,766
2301056,453
2302160,195
2303268,111
2304372,241
2305476,524
2306580,829
2307688,1014
2308876,985
2309980,758
2311088,441
2312196,188
2313296,112
2314400,245
2315508,533
2316612,837
2317716,1017
2318908,981
2320012,750
2321116,435
2322220,183
2323328,113
2324432,253
2325536,541
2326640,843
2327748,1015
2328936,978
2330040,743
2331148,425
2332252,179
2333356,113
2334460,259
2335568,550
2336672,850
2337776,1021
2338968,974
2340072,734
2341176,419
2342280,175
2343388,115
2344492,265
2345596,559
2346700,857
2347808,1023
2348996,969
2350100,725
2351208,410
2352312,171
2353416,116
2354520,271
2355628,568
2356732,865
2357836,1023
2359028,963
2360132,716
2361236,400
2362340,166
2363448,118
2364552,278
2365656,575
2366760,871
2367868,1023
2369056,960
2370160,709
2371268,394
2372372,162
2373476,120
2374580,285
2375692,587
2376792,878
2377896,1023
2379088,955
2380192,701
2381296,387
2382400,159
2383508,122
2384612,293
2385716,593
2386820,884
2387928,1023
2389116,949
2390220,691
2391328,379
2392432,155
2393536,124
2394640,297
2395748,603
2396852,890
2397956,1023
2399148,943
2400252,682
2401356,369
2402460,151
2403568,127
2404672,306
2405776,609
2406880,896
2407988,1023
2409176,939
2410280,675
2411388,361
2412492,147
2413596,128
2414700,314
2415808,620
2416912,903
2418016,1023
2419208,934
2420312,666
2421416,356
2422520,144
2423628,131
2424732,321
2425836,629
2426940,909
2428048,1023
2429236,928
2430340,657
2431448,348
2432552,141
2433656,133
2434760,328
2435868,639
2436972,916
2438076,1023
2439268,923
2440372,649
2441476,338
2442580,137
2443688,136
2444792,336
2445896,645
2447000,921
2448108,1023
2449296,918
2450400,642
2451508,330
2452612,134
2453716,140
2454820,345
2455928,655
2457032,926
2458136,1023
2459328,912
2460432,632
2461536,323
2462640,132
2463752,143
2464852,353
2465956,664
2467060,932
2468168,1023
2469356,905
2470460,622
2471568,317
2472672,129
2473776,146
2474880,359
2475988,673
2477092,937
2478196,1023
2479388,899
2480492,613
2481596,308
2482700,127
2483808,149
2484912,367
2486016,680
2487120,942
2488228,1023
2489416,894
2490520,606
2491628,301
2492732,124
2493836,153
2494940,375
2496048,689
2497152,947
2498256,1023
2499448,887
2500552,597
2501656,295
2502760,122
2503868,157
2504972,385
2506076,698
2507180,953
2508288,1023
2509476,880
2510580,587
2511688,287
2512792,120
2513896,161
2515000,390
2516108,706
2517212,957
2518316,1023
2519508,873
2520612,578
2521716,281
2522820,119
2523928,166
2525032,399
2526136,713
2527248,963
2528348,1023
2529536,868
2530640,571
2531748,273
2532852,117
2533956,169
2535060,407
2536168,722
2537272,967
2538376,1023
2539568,860
2540672,562
2541776,268
2542880,116
2543988,174
2545092,416
2546196,731
2547300,972
2548408,1023
2549596,852
2550700,553
2551812,260
2552912,114
2554016,177
2555120,422
2556228,740
2557332,976
2558436,1023
2559628,846
2560732,543
2561836,255
2562940,113
2564048,183
2565152,431
2566256,747
2567360,980
2568468,1023
2569656,840
2570760,536
2571868,248
2572972,112
2574076,188
2575180,441
2576288,755
2577392,983
2578496,1023
2579688,831
2580792,528
2581896,243
2583000,111
2584108,192
2585212,450
2586316,765
2587420,989
2588528,1020
2589716,824
2590820,517
2591928,236
2593032,110
2594136,196
2595240,457
2596348,773
2597452,992
2598556,1018
2599748,816
2600852,509
2601956,229
2603060,110
2604168,202
2605272,466
2606376,780
2607480,995
2608588,1015
2609776,810
2610880,500
2611988,223
2613092,109
2614196,208
2615308,478
2616408,788
2617512,1000
2618700,1005
2619892,779
2620996,467
2622100,203
2623208,110
2624312,230
2625416,507
2626520,815
2627628,1006
2628816,993
2629920,773
2631028,457
2632132,197
2633236,111
2634340,236
2635448,516
2636552,823
2637656,1012
2638852,987
2639952,765
2641056,451
2642160,193
2643268,112
2644372,241
2645476,526
2646580,831
2647688,1016
2648876,984
2649980,756
2651088,441
2652192,189
2653296,112
2654400,247
2655508,535
2656612,839
2657716,1019
2658908,979
2660012,748
2661116,431
2662220,183
2663328,112
2664432,253
2665536,542
2666640,846
2667748,1020
2668936,976
2670040,741
2671148,424
2672252,178
2673356,114
2674460,260
2675568,552
2676672,853
2677780,1019
2678968,972
2680072,732
2681176,418
2682280,174
2683388,115
2684492,267
2685596,561
2686700,860
2687808,1023
2688996,967
2690100,724
2691208,409
2692312,170
2693416,117
2694520,271
2695628,571
2696732,867
2697836,1023
2699028,963
2700132,715
2701236,400
2702348,164
2703448,118
2704552,280
2705656,578
2706760,873
2707868,1023
2709056,960
2710160,708
2711268,389
2712372,160
2713476,120
2714580,287
2715688,587
2716792,879
2717896,1023
2719088,954
2720192,698
2721296,385
2722400,157
2723508,122
2724612,295
2725716,597
2726820,886
2727928,1023
2729116,948
2730220,690
2731328,376
2732432,153
2733536,124
2734640,300
2735748,606
2736852,893
2737956,1023
2739148,943
2740252,681
2741356,368
2742460,150
2743568,126
2744672,308
2745776,613
2746880,898
2747988,1023
2749176,939
2750280,674
2751388,359
2752492,145
2753596,129
2754700,316
2755808,623
2756912,904
2758016,1023
2759208,933
2760312,664
2761416,353
2762520,143
2763628,131
2764732,324
2765844,634
2766940,911
2768048,1023
2769236,927
2770340,655
2771448,345
2772552,139
2773656,134
2774760,330
2775868,641
2776972,916
2778076,1023
2779268,921
2780372,646
2781476,336
2782580,136
2783688,138
2784792,338
2785896,647
2787000,921
2788108,1023
2789296,916
2790408,636
2791508,328
2792612,133
2793716,141
2794820,346
2795928,656
2797032,927
2798136,1023
2799328,910
2800432,629
2801536,322
2802640,132
2803748,144
2804852,355
2805956,665
2807060,933
2808168,1023
