920,465
4026728,467
4027832,468
4028936,467
4030040,467
4031148,468
4032252,468
4033356468
4034460,468
4035µ48,460
568,458
1068,461
1612,461
2160,462
2700,461
3252,462
3796,462
4356,462
4900,463
5460,462
6004,463
6564,463
7100,463
7644,464
8188,464
8740,465
9292,464
9880,465
10732,465
11668,465
12600,465
13536,465
14472,466
15408,466
16340,466
17276,464
18212,466
19148,467
20080,467
21016,467
21952,467
22888,467
23820,468
24756,468
25692,467
26632,468
27560,467
28496,467
29432,468
30368,467
31300,467
32236,466
33172,466
34108,465
35040,466
35976,466
36912,466
37848,466
38780,466
39716,465
40652,465
41588,464
42520,464
43456,464
44392,463
45328,464
46260,463
47196,463
48136,463
49068,463
50000,462
50936,461
51872,461
52808,461
53740,461
54676,461
55612,460
56548,460
57480,460
58416,459
59352,459
60288,459
61220,458
62156,458
63092,457
64028,457
64960,457
65896,456
66832,456
67768,455
68700,456
69644,456
70572,456
71508,456
72440,455
73376,456
74312,456
75248,456
76180,457
77116,457
78052,456
78988,456
79920,456
80856,456
81792,456
82728,456
83660,456
84596,456
85532,457
86468,457
87400,456
88336,457
89272,457
90208,458
91148,458
92076,458
93012,459
93948,459
94880,459
95816,460
96752,459
97688,461
98620,460
99556,461
100492,459
101512,461
102532,462
103552,462
104572,462
105592,463
106612,464
107632,464
108652,464
109672,465
110692,465
111712,465
112732,465
113752,465
114772,466
115792,466
116812,466
117832,466
118852,466
